0.00682533287002994
0.288504151410853
0.0013702796964819
0.0113394299667186
0.50986669644359
0.141145788403622
0.545870536861217
0.15226894004845
0.392145295897903
0.0275085350644231
0.391843486194487
0.0356651565274554
0.0478210223579848
0.383646425146091
0.062878088362069
0.308618099471265
0
0.025773565981991
0.124226703329372
0.00388475238846153
0
0.0214808445614407
0.0160800548949612
0.002071522440125
0.00751334739228333
0.0660899716228813
0.186057953999818
0.0311516131484839
0.360738607567817
0.449365088940444
0.500629699574038
0.364365579826562
0.517792336757436
0.520233431590415
0.206039292050884
0.372163090189732
0.0614528402596108
0.00250144302844969
0.232796885246512
0.550966821524419
0.460849661704872
0.592366442911111
0.0683696561541916
0.411204915905233
0.0749970616271574
0.179707651002332
0.44467201816178
0.439794322238205
0.201591472685219
0.0249748625894161
0.443372348859534
0.144714383540645
0.000631649270208383
0.187059220141778
0.153428472289922
0.00206210506622754
0.00168610760510948
0.109970307765423
0.293026588612591
0.239074426719068
0
0.451934010979087
0.54519466194843
0.296143402998563
0.431746931316827
0.0323875450662277
0.231371365312946
0.461326212322638
NA
NA
NA
NA
NA
NA
NA
NA
