0.0247435248540419
0.46112645769602
0
0.0187450870425299
0.475795002522258
0.147857118407694
0.472047229519507
0.138669102401938
0.472089937425619
0.0882111229
0.176697702531737
0.0595699016537946
0.0146791505072243
0.36699323126875
0.0690507586059483
0.159899943948259
0
0.0311295530217784
0.24036734837774
0.0224546971819355
0
0.092460250418856
0.211535642416092
0.0363834313972083
0.010320439686375
0.143731056254873
0.31933939062719
0.0572941520127519
0.297366754590805
0.498415327125561
0.366702033923077
0.771502923635089
0.316338828764955
0.570744755749872
0.227557549571863
0.35256477730796
0.0772158400026946
0.0385511790135271
0.2061216036
0.490455876627737
0.505600207261282
0.341640285259845
0.0883982325877245
0.435935697948477
0.102426955240102
0.176983328179016
0.544380588970894
0.419203563617767
0.181746916396715
0.0252818983510949
0.400121637676483
0.0992488849620513
0.0331060170547305
0.138898947094465
0.107934108913798
0.0281085586231081
0.00678162129908759
0.149100670661787
0.338567575785766
0.240947680295339
0
0.429661935130348
0.627574116124444
0.245446133752326
0.381823411927885
0.0201960488089509
0.381208715683333
0.250737116704428
0.582167454096413
0.17959339281395
0.590068027457847
0.607894385519068
0.464497773279942
0.497013503715763
0.877123707621822
NA
