201
NA
201
201
201
201
201
201
201
201
201
201
201
201
201
201
201
201
201
201
NA
148.392732992494
59.8805898062779
201
201
185.930909813406
201
54.7771170845588
201
114.254032339817
191.238555193212
76.1042930935279
15.376458283267
201
201
201
49.3733315722681
90.6450578165839
140.913268168308
201
201
23.43881203049
201
201
201
201
201
201
201
201
201
201
201
201
201
201
11.3444320703938
NA
201
201
201
NA
4.00635702313124
201
201
201
201
201
201
201
201
201
201
201
201
201
201
201
201
201
201
201
201
201
201
201
201
61.9448154449113
201
201
201
NA
201
201
201
201
201
137.293288706872
201
201
8.70099174723633
14.0920053125716
NA
63.3874074028632
3.84735616587709
5.69704164118855
8.8732673459145
13.5332912543871
201
52.1293737562279
9.19373632799161
5.3654837515545
201
15.1924098352878
201
8.40606554380291
8.79694032879577
13.7227825982472
7.56184542234079
3.62816277270053
152.793613488266
201
117.043142427239
201
201
201
201
201
201
201
201
201
94.0688879719624
201
201
201
201
201
201
NA
NA
42.5345839583043
201
201
37.2400292875882
34.6445729900628
12.6663445419128
27.6491357842669
4.66608082812914
36.2459181152434
11.4943962233469
13.113793510928
30.6913644121548
11.807770732973
5.48553956825398
153.253298205283
28.3808506050481
17.9993977408701
201
10.1373188849638
10.9194217666387
8.25430149144215
25.2014055747734
7.89788597439832
12.1722486170702
12.8541396555767
11.4224730867335
11.1698556776489
81.725890165652
11.094196793694
10.293586772814
27.9014777582021
5.44611792704924
9.83782748906414
41.3298810340798
NA
201
14.1560483358679
6.19750187198271
10.1994279974716
10.6953040972103
56.0413815150872
201
201
55.4026338022118
NA
16.2858685521065
201
68.8828518600179
201
201
201
201
201
55.3787554089825
201
201
201
80.672204653106
21.3094117834052
NA
NA
201
11.0309426815088
201
5.71118209106256
NA
NA
NA
146.778201451471
NA
NA
25.2734066943514
106.945488341447
NA
NA
NA
NA
33.3710866292436
NA
164.103924899599
68.7676833494604
201
201
6.02460979986379
127.396079509907
NA
201
34.2768356631516
7.41777338233148
68.0649164068793
8.16229175885453
201
201
8.61245143381891
201
201
201
15.552468884805
11.559301776888
201
201
201
201
201
201
201
201
201
201
201
201
201
201
121.61362268757
201
201
201
NA
NA
16.5407162839616
18.2652386785051
68.5834406051242
201
22.6041146595632
NA
11.5868801835108
201
113.234309101014
9.61658303278024
20.8074031709018
190.723303973669
201
66.4917003520633
52.9703726506964
71.7266970403601
13.6285138665889
62.2134176843337
43.8445089964051
29.6598940618706
89.1584152348394
54.0663810420767
201
40.2977025718552
201
7.00269969407769
201
99.7190443034217
6.85139624215872
14.7195743190552
26.8791556666468
4.18411933697137
201
8.81504432828267
6.77171849416419
16.1742503988271
131.62402897691
NA
201
201
201
15.8212304300594
46.9956040447093
201
201
8.04367331582227
201
201
201
201
201
201
201
201
201
201
201
201
NA
201
115.632336623268
186.364186793779
201
201
201
23.551783524771
201
201
201
201
201
201
201
201
201
NA
155.047297841944
95.8857176054872
201
201
201
NA
90.7194706874998
201
201
201
201
201
201
201
201
201
201
201
201
201
201
201
201
201
45.9257570379631
201
34.5408233785809
NA
10.5253480083252
18.6718421678635
8.44510482909065
201
201
124.593709057411
22.0309476580636
17.287108329411
201
15.9118280116065
201
161.669113311337
201
201
114.372132319999
9.65852032901995
80.5496872500586
201
201
201
201
NA
201
201
201
201
201
201
201
201
201
201
201
201
201
201
201
NA
201
201
201
201
201
201
201
201
201
201
201
201
201
201
201
201
201
201
201
201
201
201
201
201
201
201
NA
201
201
201
201
201
157.085720244184
201
201
201
201
201
NA
93.0108405302855
201
201
201
15.1826461332238
55.978097525435
201
48.5552188916951
201
201
201
201
67.8149774497339
201
84.1529283982373
201
201
201
201
201
201
201
201
NA
201
201
201
201
201
201
201
201
201
201
201
201
201
201
8.74942062105245
201
201
201
201
NA
201
201
201
201
201
25.2262678026692
201
201
201
77.364266186413
201
201
201
23.1149720522223
166.682507230403
201
201
201
201
39.2340835887543
201
33.6107047435547
201
NA
201
201
201
69.0996641777752
201
201
201
201
201
79.1889837424141
120.039331309555
201
201
201
201
201
201
201
201
201
201
201
201
201
201
NA
201
201
201
201
201
41.6953193967353
37.529068298961
74.6658644462412
26.8577708619351
31.2733880511593
11.3953335080829
130.016993226509
32.0199628350699
3.71974023531227
181.479336004679
40.0880459579203
43.8211393330372
201
9.57544220677826
3.72668788758229
NA
74.1870580748759
20.0236662517363
13.2559181853195
28.1817019966257
201
151.087517688178
11.9786363902167
20.6724577120171
132.837517528403
157.591203168956
77.4762098220714
NA
201
201
201
122.533407503876
5.22805051405805
198.77056727085
158.544417785695
201
113.5163885036
201
31.1029267577778
17.6807469975587
201
182.908611015096
18.7682235434371
201
62.5042281444588
201
201
49.8790888921754
201
24.36827432894
148.648787421537
129.590746683546
69.5430316489297
NA
201
201
201
172.155171881588
159.935046576359
108.581041307461
201
60.8806256798505
63.9828696500644
75.5213052967466
46.5597368731269
NA
201
23.4524379135008
201
43.0375049487259
98.9101340186099
201
8.71984326080376
201
201
201
78.000956202383
31.5067725387195
31.1220126636945
91.7157384441723
201
201
182.490892962059
183.525444842024
201
64.5542692910265
201
201
201
26.2179617223145
70.9509466133959
201
97.3290328521401
201
201
NA
201
201
52.7917002791624
159.87835057358
201
201
11.7969971836412
45.673668018448
30.9970698193994
61.7583208979124
201
201
201
33.3657530061399
71.5982001817472
201
29.3105815558466
100.18663833415
201
121.719968963467
190.840304506199
NA
24.7040760877072
26.2249037082077
201
201
NA
26.7247856483002
124.116095047725
136.55001493999
201
32.3514724812294
158.97241405263
90.6518655667522
78.7771374459953
201
52.6851802138993
201
118.413283716186
201
93.1973083014135
33.8489694430484
42.4864141041745
175.490076746678
7.25946411711438
41.028952903237
87.0553293505762
127.473346402646
22.1460028670152
9.77907092458232
7.79346678001899
76.8644892273836
7.24508489474747
138.732839317476
25.6433611565748
24.4764316173511
19.670672660079
23.733309430355
5.27017114548256
15.3269492821494
31.1716786250298
30.6830345844318
23.5298610811001
NA
47.8429494226955
172.32649673042
80.9923976550782
46.5065291940618
10.6496838973808
64.8866668048321
62.1330781847406
201
31.1350308930249
201
29.2491832246799
69.9846374413808
28.2410698797601
35.4871298431417
19.6103516029199
46.8372137490908
109.833970258302
NA
6.21321295472439
6.05125820178304
201
NA
201
201
201
201
201
201
201
201
201
174.374361791723
201
201
201
201
201
201
201
201
201
20.5577067379955
201
201
26.599678645737
15.1086435113557
26.1178770089594
22.2206891353558
37.8979831610215
44.567175448589
64.4855671451545
85.073010748809
NA
122.923974092702
54.7169220866047
23.0661504802783
201
43.3559898660254
14.9045206240691
20.2520095413695
NA
14.5507898685008
201
201
21.1067796591539
170.845818797103
47.6475447018116
201
201
201
201
83.2440922220115
201
120.542318512536
57.3512638897394
49.5461615957135
201
201
11.0566770490267
41.3340579757285
151.598469561575
12.8152192368565
65.9949566676986
88.5997744839118
18.4904365676221
44.1151409719056
16.9304536612307
63.8343838903821
15.2345332997844
42.6097471879404
69.8734304148007
70.179184920133
201
125.654403176124
16.6149473489688
161.000718462622
NA
201
20.1651995879971
12.4515349385435
76.6034719216041
5.7569402445834
10.4183375350129
14.9445004638544
18.892949679132
197.313517744469
30.9505342090146
201
85.1042352744904
35.2095503873199
201
NA
201
201
180.481374004064
201
25.9729551008016
201
99.9653716117436
33.0774438877393
201
201
201
NA
15.6799097031054
175.337749864644
201
19.577338599792
201
10.4962255815044
201
201
201
201
182.095433419231
201
201
37.6263319826339
7.94467355861749
13.3076290158164
201
NA
201
201
201
201
201
201
201
201
201
201
201
201
201
201
201
201
201
201
75.6232306122076
75.0209131341299
201
57.7035691422137
9.30612776000456
201
201
81.4047883203488
116.082251271761
55.6362569593201
18.0376054845506
66.8564593799672
201
86.9931736644158
75.6762371094686
79.2124041406862
NA
35.2324563792231
26.0824556781511
12.3835783656748
201
201
201
201
201
201
201
NA
201
26.6787339704191
50.4400789692176
201
201
201
201
201
177.255964397583
43.8857360157609
201
201
201
63.6316234968522
NA
201
201
201
201
201
201
201
201
12.7627138850827
201
201
201
201
201
201
163.914854793988
201
99.5578999291994
201
201
152.322826886074
201
201
201
12.0253627219812
NA
23.737358442827
21.3080349878915
201
22.2873581475863
36.6436851529711
201
192.520144015772
58.9310748602751
7.32473832715088
201
201
201
8.60647390617921
35.7014806642598
170.572302231053
201
28.5582608879889
NA
201
201
201
201
76.8691199413059
201
201
201
48.9772155748811
201
201
201
201
4.81201617280968
19.6837559046865
201
5.28566340601141
16.3461370340535
94.2455073526366
47.7775625037151
201
9.67247793111548
9.55294760569695
10.9058914962645
9.72109179975046
201
6.94623092987746
NA
10.2947501727467
55.259713261372
201
201
71.3150348881007
201
201
201
201
201
201
201
201
201
201
201
201
201
201
NA
201
201
201
201
201
201
201
201
201
201
201
201
201
NA
201
14.4137583859153
201
201
201
201
201
17.393829953076
124.611616343661
201
201
176.585631794373
201
201
170.446489591303
122.930336883352
20.9984487204719
201
22.2704302962826
21.882725841455
14.951121249173
201
22.0632868244597
126.426833015979
11.9836944719741
201
NA
38.532248911124
16.6113716436648
134.176338428038
61.4555059912081
201
NA
201
201
201
201
201
201
201
201
201
201
201
201
201
201
201
201
201
201
201
201
201
201
201
75.6133318858262
201
201
201
201
11.9590037450161
201
24.9811278084948
NA
201
201
201
201
201
201
NA
201
12.4934067576246
201
60.5106855500317
8.72784831188383
201
21.9989011178372
110.418263941302
27.9777473289912
NA
9.57506347501286
20.6530022277775
74.8881190300337
136.237416026577
201
12.9180215523539
10.2894394481831
73.4170477175999
101.603600379791
201
NA
201
201
201
201
201
201
201
201
201
201
201
201
201
201
201
201
201
201
201
201
201
201
201
201
201
201
201
201
201
201
201
201
NA
201
201
201
201
201
25.2967519781366
63.5720633327165
201
16.5562687042226
54.6132572484433
201
12.2524457518001
54.0633097420155
12.680500574871
NA
53.5884217116507
50.1669475081574
201
59.6773128332764
17.1680844644903
60.1630698342636
27.7077369851284
20.4974164917898
18.5999196182477
132.621696448876
201
94.1452069063149
56.7267521958066
56.5077119206614
86.902862819061
16.5656118334655
121.594143448627
57.6536411199204
201
66.2794679048862
136.705063663402
157.786910035419
201
201
NA
186.156891446333
118.77964321313
66.2113754896179
60.149334000098
67.0143771607398
16.1620837231349
4.50127424330233
201
15.1321690504457
201
15.2064174023867
31.0275776351665
2.5096448277948
NA
3.47085845587082
5.6919911259367
12.7777412631031
201
22.4136332554145
18.8027638577065
12.4230509202626
3.51347241519203
2.60578021411911
201
29.9819421438211
54.9757719076404
NA
201
201
201
201
201
62.5839289371132
201
201
67.054487804707
201
201
201
201
20.0923316007127
78.3836760283582
201
201
201
168.633849455842
47.1464230033216
11.2610761433983
59.1589462382689
90.0613957579133
9.19881803737286
201
113.146969756757
201
159.241407108154
NA
201
201
201
201
39.1551633494779
201
201
201
NA
147.384201261951
24.1917377352184
178.026624239985
NA
86.9023385585424
105.85547782229
108.645208825178
148.215461878681
201
138.073634162904
84.686060398537
124.975301135459
201
201
96.5102493845161
201
201
199.175078135266
201
201
201
201
40.2434828759247
63.0061731553603
74.6230403306322
14.5814194095086
10.1005245484091
201
201
30.1255413637466
201
201
201
201
201
201
201
NA
8.83509127720341
52.8050180038957
30.699851981776
8.79560870899943
41.8717282051797
12.2056158771067
201
NA
11.6313229335856
201
11.4818412684097
201
201
14.8909221800545
201
9.92887680433197
10.1566071012363
16.2458304387139
201
201
201
201
25.466927957071
11.0008997394072
201
201
12.0708453734498
201
201
201
201
80.879704574862
NA
201
201
201
201
201
201
201
201
201
NA
NA
NA
15.1208484794444
NA
NA
NA
NA
NA
NA
NA
NA
201
NA
NA
NA
NA
NA
NA
NA
21.9626117010999
57.9195145762581
91.6728115543479
80.3478633116504
30.3285463583573
43.9013962552827
98.0869220515278
38.5819540534218
NA
38.7088748494707
40.5380946931224
97.6151720481943
17.7469704977523
35.633031636717
201
26.8615492387741
35.0233297796337
43.9918733900845
26.1213941899169
32.1531335443124
93.9179247320763
26.8953754200066
15.2600502259822
23.4873303499421
79.9750836396294
NA
201
201
NA
201
201
201
201
201
201
63.0986195575802
201
201
64.4535946677654
93.6560549669244
34.4670152363478
19.7629542166021
29.1349364497477
NA
11.7567683199213
NA
29.4701446391598
48.0416133888048
201
4.02230530727914
4.80614740039814
170.5992177356
195.188758126417
18.892290443601
201
103.725095907386
101.759891128153
81.7534143362812
6.78995991808026
5.36716201213287
64.2327807533326
132.856588561154
64.3990554287391
201
201
201
201
201
201
201
201
192.057617636572
49.164932641264
201
201
201
201
NA
201
201
78.7254651917913
201
63.8393862275611
28.7372818922952
22.4059294455706
58.0579259230377
36.907340168777
19.7593475055446
201
27.9961120421607
38.8935972159159
18.6076958041345
19.5442749628703
27.5274173894877
NA
193.462425529768
39.709101211133
39.4265664030953
21.6016113037764
24.5787050702696
201
37.3439212610963
31.800338592724
106.174782550401
61.6160102127307
66.9570687744001
126.550966284855
38.8694253116189
NA
66.510616022741
66.5661684377342
201
50.5381454492157
64.7895233855647
201
117.158572860924
103.950232513455
34.4201686028129
81.6950797338098
201
NA
NA
NA
201
NA
NA
NA
NA
NA
NA
NA
NA
NA
NA
NA
NA
NA
NA
NA
NA
68.748943947286
87.5954762315033
45.2779582446015
84.399092661914
100.341080623587
39.3442853250283
201
24.2461480496835
201
67.0174887344793
123.521804335977
69.1485476770225
201
97.9450190553977
NA
13.819241606102
104.950237852038
128.751270720643
26.9967428609903
82.973962533455
NA
NA
NA
NA
NA
NA
NA
NA
NA
NA
NA
NA
NA
NA
NA
NA
NA
NA
NA
NA
