0.120323536788768
2.21535760838498
0.548357225152629
0.120323536788768
5.00380471672987
0.0864864300558774
4.17971791116104
0.071020196282901
0.201535611477395
0.122645771320549
0.925291505455767
0.202126453014417
0.098165462973688
0.122645771320549
0.413802595016624
1.24595312306321
0.206938905868832
0.120323536788768
0.371781029193144
0.315678846649039
0.120323536788768
0.0827247685790013
0.240489287692314
0.10717480951877
0.10717480951877
0.0827247685790013
0.0765375405840483
0.217895605900828
1.8579621271977
0.777534345840265
0.122645771320549
2.03841174498981
2.03671959661884
1.88583213164101
0.329778525556177
1.60882359169176
0.120323536788768
0.330816776776318
0.715215573522459
0.727753509724143
0.220951185615523
1.68163892000496
0.120323536788768
0.380404287114311
0.372197941222385
0.284668592846308
1.3560520781186
1.93932920764492
0.0765375405840483
0.256158893210937
0.0827247685790013
0.208022766191635
0.120323536788768
0.315507776512898
0.40264281647052
0.120323536788768
0.0765375405840483
1.51769737727209
0.878091702676463
0.275593210971417
0.120323536788768
4.94537289100267
4.64801616133641
1.42336130022033
0.122645771320549
0.0779381240728275
3.80488502889043
1.5691737615089
2.10108712820751
3.90487293169628
4.96515317056179
0.259264724722784
1.81712015241303
4.71375640424559
1.55133501799497
4.59581837828907
